trafficcone 0 0 2.9678845527984006 1710.111938 382.62442 1719.540527 404.924866 0.415125 0.138669 0.12626 15.7945750111 -3.35924739993 45.7716764464 3.300163441
trafficcone 0 0 2.9292983643227966 1692.642212 581.054749 1704.923218 616.652283 0.440828 0.1001 0.098524 10.0696382919 0.524135417399 29.8445574028 3.25470698838
car 0 1 1.5991317698118803 840.501038 219.209732 902.266297 286.384186 1.361037 1.686009 4.317678 -2.69972989395 -8.27593162176 64.4553414141 1.55727096024
trafficcone 0 0 2.8306982161865997 1475.636719 694.083679 1488.210205 731.47876 0.379446 0.101528 0.081271 5.8207605687 1.63649146021 24.471552766 3.06421710526
pedestrian 0 0 1.8296630564002236 436.014923 268.297272 460.583649 346.23645 1.60921 0.422091 0.337245 -11.7301582328 -4.91601265442 49.6851138388 1.59781839758
car 0 0 4.710932336717892 879.880005 722.351013 1093.479614 966.864929 0.425876 1.669924 4.508713 0.196795986124 2.3375359913 19.3562443588 4.72109904065
trafficcone 0 0 3.2631073999128968 1449.459229 361.774017 1456.80774 383.327972 0.422077 0.142475 0.107764 10.827723716 -3.97965999749 48.1401496124 3.48434651172
cyclist 0 0 4.573452363798853 1261.865112 560.648132 1339.580932 711.730285 1.060617 0.524248 2.684516 4.13259984466 1.18819665119 27.0011590193 4.72532647566
trafficcone 0 0 3.398084654988088 127.917259 617.08905 141.366455 652.689514 0.369367 0.158647 0.09102 -9.91392204318 0.853589353387 26.0647101947 3.03462482094
trafficcone 0 2 3.0103605633651855 1749.150146 567.772461 1762.328247 601.186279 0.408447 0.151263 0.116146 11.1445994627 0.327236426016 30.6493072515 3.35911418535
van 0 1 1.5967780515508114 844.991882 182.675674 903.364746 257.796661 1.812527 1.743537 4.378178 -2.86180179043 -9.84707690742 70.3172438246 1.55610206451
cyclist 0 0 -0.011169479983857228 762.31665 153.458618 794.89685 177.566131 0.941836 0.44742 1.44584 -8.27624198794 -16.7029198768 97.5330640161 -0.0958224445297
trafficcone 0 0 0.2796255870642524 245.179443 334.936676 255.166015 356.720856 0.414324 0.182416 0.139499 -15.4152359723 -4.43135695055 47.0703993661 -0.0368596758567
trafficcone 0 0 3.5231165634109085 149.568909 698.657959 165.537644 739.831787 0.362956 0.186415 0.07164 -8.46483717514 1.59781621225 22.8913944685 3.16892796368
cyclist 0 0 1.5876068611275906 846.092834 112.326355 860.130676 146.69458 1.622077 0.720101 1.852633 -6.05172522499 -22.0877044995 119.530793161 1.53702104792
car 0 2 1.9626593407188213 387.257751 163.652267 495.843475 234.237411 1.650173 1.702595 4.544088 -16.3882266557 -10.3117123716 68.7020848135 1.72849486909
car 0 0 1.6082047954168248 819.110107 244.609711 893.579223 317.601166 1.249511 1.781786 4.308021 -2.78618387849 -6.6456319105 57.2932300958 1.55961283027
trafficcone 0 0 0 1652.74577812 602.523486828 1664.09481908 639.407869948 0 0 0 0.0 0.0 0.0 0.0
trafficcone 0 0 0 1579.85001503 615.400283302 1590.76255441 652.939418785 0 0 0 0.0 0.0 0.0 0.0
trafficcone 0 0 0 1498.8789728 666.470967621 1510.22801376 704.010103104 0 0 0 0.0 0.0 0.0 0.0
trafficcone 0 1 0 161.271518823 666.753450768 174.002814771 706.584219521 0 0 0 0.0 0.0 0.0 0.0
trafficcone 0 0 0 141.992699244 642.927739779 155.087746505 678.393492778 0 0 0 0.0 0.0 0.0 0.0
motorcyclist 0 0 0 913.99639125 107.474668447 928.18269245 135.66539519 0 0 0 0.0 0.0 0.0 0.0
car 0 0 0 934.594144798 66.0749931286 956.486584921 83.8626007286 0 0 0 0.0 0.0 0.0 0.0
car 0 1 0 433.686269092 86.6304391028 504.399524303 115.439543078 0 0 0 0.0 0.0 0.0 0.0
