cyclist 0 1 2.735886168097687 1528.72644 289.33963 1597.994384 365.06311 1.648045 0.761443 1.367346 15.4189061929 -4.78079894392 54.2576889775 3.01276601439
car 0 0 4.659859096617603 960.894714 397.073822 1069.800171 499.614593 1.024272 1.738963 4.246632 1.29710364813 -1.56215907277 39.5463548436 4.69264691756
car 2 0 4.302202215245627 1433.344849 1010.11145 1919.0 1079.0 0.446131 1.853815 4.229566 4.83325858194 4.06295844414 14.5327561074 4.62327180089
car 2 1 1.943187102131752 0 228.458496 56.103931 287.786346 1.364145 2.366213 4.327617 -30.1478682611 -8.57873436605 69.5422632259 1.53412326179
car 0 2 1.7210154007908918 635.742126 107.981934 664.022583 132.275422 1.735912 1.688191 4.224321 -24.2536001475 -34.176982453 182.468667951 1.58887073207
car 0 1 1.685345906765167 477.369598 170.888885 528.29364 208.267532 1.346381 1.795285 4.322276 -20.3729382578 -15.8715527512 101.901012107 1.48801889254
car 0 1 1.640008157688297 564.891052 162.78688 613.957336 202.938461 1.548409 2.007262 4.206752 -16.9634405205 -16.7088261704 105.809218665 1.48103991653
car 2 0 2.005907642815136 0 309.99762 38.375576 438.458893 1.780388 2.627027 4.805234 -20.614452193 -2.85681607148 44.3641190692 1.57092546983
car 0 1 1.8365699656569299 347.265625 184.769623 413.915253 228.451889 1.444047 1.633518 4.275805 -23.8702644487 -13.7568878404 93.3634185435 1.58626159799
car 0 1 1.899812121088545 93.56752 249.816254 196.962799 313.068177 1.305853 1.46378 4.328904 -23.3151386528 -7.2706558821 64.2996752557 1.55195570029
pedestrian 0 1 1.1373415091909538 1876.415039 315.391876 1913.251465 404.071625 1.834875 0.50278 0.359827 21.5345957896 -3.50112404212 49.4765320336 1.54786076606
car 0 0 -1.3177146508262858 191.182861 744.500366 503.019836 987.993225 0.521478 1.561378 4.382728 -5.05805776406 2.60583304281 19.2442375672 -1.57473629107
car 0 1 1.5929294007053165 636.120728 134.676941 672.455506 168.346878 1.685276 2.037229 4.229635 -17.3001694753 -22.7864052352 132.278125167 1.4628812205
cyclist 0 2 3.2824919975741005 568.275085 298.620911 651.434204 382.381562 1.735441 0.533993 1.771409 -7.57935242275 -4.03895532513 50.2936777605 3.13291567325
car 0 1 1.589961779347894 614.947876 141.234528 654.275574 175.989121 1.624533 2.091141 4.169771 -17.430311668 -21.087127181 124.715187486 1.45110031137
car 0 1 1.9526267788161347 117.997337 196.915329 196.952911 244.046509 1.363714 1.27554 4.262383 -29.8909683481 -11.7895933724 83.6017105834 1.60925053033
car 0 0 4.645393823471905 944.97876 305.007385 1022.406922 381.299133 1.185324 1.581712 4.23304 1.00068749136 -4.51473399572 52.6579935997 4.66439506124
car 0 1 1.6250973861245726 508.575317 157.486786 554.631347 191.664658 1.361424 2.012519 4.201078 -20.6607266268 -17.9825624585 110.582808919 1.44039203755
cyclist 0 0 4.3604652985754795 1738.5448 331.815826 1781.906738 418.473907 1.534586 0.19652 1.72276 17.7829851733 -3.17897301518 47.5616297268 4.71826555181
car 0 0 1.8227856472108415 286.35614 238.325836 389.285187 328.752502 1.84116 1.517926 4.574316 -16.343610887 -6.38626637045 59.6166581785 1.55521446339
pedestrian 0 0 4.288715600562349 1833.20874 344.221191 1872.117309 429.792785 1.627134 0.495283 0.408993 19.0642320691 -2.74463585764 45.8192943814 4.68300189861
cyclist 0 0 4.673943301970799 972.356628 210.110809 999.487487 266.253387 1.717526 0.896024 1.837465 1.6144966094 -10.2014169679 78.1935017933 4.69458782104
car 0 0 1.918277592141479 84.678749 328.675018 229.40348 421.378418 1.172789 1.290466 4.472959 -16.0122917784 -3.17465244144 44.9629103591 1.57615911826
car 0 0 4.634861194868908 938.489319 696.641357 1144.066284 925.185058 0.743434 1.680233 4.329823 0.894837062753 2.51638514551 21.6627765414 4.67614531295
car 0 0 4.5869145282791965 1138.542114 408.608521 1269.67395 520.522645 1.09729 1.731287 4.220353 4.52611616666 -1.19319413126 38.1533110532 4.70499239665
car 0 0 -1.4955275244718962 662.869934 597.509216 841.669128 788.10852 0.942485 1.715717 4.232293 -2.08388272903 1.73442803818 25.3052981798 -1.57769178885
big_vehicle 0 1 1.8128384598631633 202.525284 113.950569 324.526367 229.40036 4.195162 2.558354 10.171929 -29.8560093704 -14.5161001796 97.2438890448 1.51495201568
pedestrian 0 0 1.00408683823874 1887.916992 343.441895 1919.0 428.679566 1.626016 0.304146 0.498975 20.4162004144 -2.81033669302 46.4041257155 1.41856455629
car 0 1 1.7462908868876947 429.956543 174.098557 492.187561 224.883927 1.753649 1.839182 4.241309 -20.6434798177 -14.0430945384 94.3434266117 1.53087395904
cyclist 0 1 2.889092562514608 1418.72937 199.318939 1467.965088 237.848999 1.359478 0.658319 1.722473 19.8393005545 -12.2492987679 86.3231876419 3.11499555028
car 0 1 1.693020302906222 522.47998 170.971313 580.310974 218.389404 1.668024 1.948302 4.333867 -17.1814872085 -14.6658963111 96.7531213532 1.51727172199
car 0 1 1.5638609809532455 547.009949 147.766418 581.239136 179.72853 1.401806 1.768623 4.274047 -20.6985536237 -20.1309457909 120.135753171 1.39324304307
car 0 1 1.856842138388926 284.56601 190.49321 358.649628 241.752823 1.529536 1.534187 4.264444 -23.7854564567 -11.954501671 84.2062276524 1.58154751981
car 0 1 1.6015560627170864 590.065247 154.790771 630.636292 191.924484 1.522525 1.874499 4.268603 -16.8944394791 -18.2027571421 112.017207469 1.45186421866
car 0 1 1.8611743178595306 216.796555 210.266205 302.513703 266.418732 1.485515 1.628905 4.341331 -23.8913860006 -10.1474638958 76.9171435211 1.56001042242
car 0 1 1.7738804858421 482.404327 192.601517 545.099548 236.793732 1.318094 1.555461 4.304386 -16.8304899763 -12.4434273684 86.4064795126 1.58150652779
car 0 0 4.699475024873097 876.369385 151.204544 914.085205 187.116211 1.534862 1.931779 4.240711 -2.41501754023 -19.0265194776 115.698089049 4.67860461197
car 0 0 4.525555851857377 1251.231079 594.686096 1479.645508 776.819885 0.750231 1.742541 4.73877 4.846653958 1.5751378098 25.6299979871 4.712449817
cyclist 0 1 2.935378913214115 1371.203491 181.077438 1419.729858 214.162307 1.28144 0.691634 1.903833 19.6908942202 -14.3905246802 94.6746856256 3.14044023038
cyclist 0 1 3.127625501602673 1828.906372 296.970703 1908.618042 365.978149 1.510263 0.523349 1.734181 23.5596519172 -4.88798234647 55.6019055717 3.52841166858
car 2 0 -1.450546902565057 390.123199 997.386414 760.150451 1079.0 0.893306 2.139024 4.280189 -2.52034630278 4.70882200053 16.2833503604 -1.60410891684
car 0 1 1.6622791295144237 454.043213 149.019455 498.582398 188.411636 1.665769 1.817059 4.119562 -24.0177534966 -18.5640544255 113.248078844 1.45329477173
car 0 0 4.709489934022271 800.325806 303.64563 887.903015 389.068726 1.325686 1.947674 4.266508 -2.2570332357 -4.23870553026 51.2064631086 4.6654413286
cyclist 0 1 3.242557919312712 570.662109 274.700012 637.436828 344.228576 1.518213 0.73485 1.515302 -8.30884002975 -5.24301395478 54.1363134157 3.09026632287
car 0 0 -1.5354126287565542 752.020691 397.621338 870.713989 517.390503 1.23858 1.908697 4.290885 -2.20761691315 -1.25871151306 38.4877294432 -1.59270882821
car 0 0 4.688912061273284 947.816956 108.265129 970.664429 127.615806 1.467551 1.949845 4.184681 1.66187370995 -37.0549263633 195.792503331 4.69739979075
car 0 0 1.7974091188157788 424.220642 210.430679 494.594971 262.269439 1.388153 1.558958 3.668618 -16.7284331891 -10.1552940164 76.2046843104 1.5813169397
cyclist 0 1 3.2410459106241523 1739.513916 292.608124 1809.277222 361.197113 1.517931 0.657107 1.509092 21.571426322 -5.10285627992 56.6575323236 3.6048338001
car 0 1 4.495602551644636 1267.22168 200.879822 1332.533814 243.847168 1.230455 1.605901 4.218573 13.8976154799 -11.9620041473 84.7780654258 4.65808674413
car 0 1 1.8769899533605041 128.576355 256.657196 241.545654 334.576904 1.481425 1.541203 4.213554 -19.9177723822 -6.04936407154 57.8926998227 1.54562886325
car 0 0 4.647982691193804 886.715027 113.913467 915.088867 134.342697 1.407307 2.0683 4.321496 -3.2901024778 -33.6667449169 180.558480338 4.62976289669
car 0 1 1.8242477829500734 337.957275 204.046402 412.26361 260.493958 1.58334 1.622122 3.681659 -20.1178786769 -10.4480422355 77.9853667695 1.57178220064
car 0 1 1.7399253855520183 413.29007 162.582275 463.427094 203.96376 1.607654 1.605158 4.289265 -24.3318920008 -16.704859898 106.076750677 1.51444586503
cyclist 0 1 0 1334.50935175 172.239354356 1366.25174631 198.010407366 0 0 0 0.0 0.0 0.0 0.0
cyclist 0 1 0 1303.95722786 166.190153978 1333.02823278 188.975536213 0 0 0 0.0 0.0 0.0 0.0
car 0 1 0 933.122658483 107.534236283 952.583353719 123.721169704 0 0 0 0.0 0.0 0.0 0.0
car 0 1 0 964.223395729 99.1679560885 979.500950867 114.445511227 0 0 0 0.0 0.0 0.0 0.0
car 0 2 0 570.721420303 140.986701482 605.205044758 162.157027888 0 0 0 0.0 0.0 0.0 0.0
car 0 2 0 603.677289244 128.546406584 635.105402672 146.661221962 0 0 0 0.0 0.0 0.0 0.0
car 0 1 0 677.232735547 130.17544663 704.994235741 151.127522248 0 0 0 0.0 0.0 0.0 0.0
car 0 1 0 689.512979867 123.962574207 717.798281952 146.486055496 0 0 0 0.0 0.0 0.0 0.0
car 0 1 0 711.803660317 113.413786135 739.827061456 134.889663644 0 0 0 0.0 0.0 0.0 0.0
car 0 2 0 735.898547278 107.913866285 756.326821005 124.937427725 0 0 0 0.0 0.0 0.0 0.0
car 0 1 0 725.684410414 97.6997294216 745.065080361 114.199488971 0 0 0 0.0 0.0 0.0 0.0
car 2 1 0 1.0628228678 130.059304414 68.5704105095 167.999322943 0 0 0 0.0 0.0 0.0 0.0
car 0 2 0 77.9569403864 127.188870054 113.575468937 149.188549453 0 0 0 0.0 0.0 0.0 0.0
car 0 2 0 117.503983116 135.569700301 153.646313557 155.736073084 0 0 0 0.0 0.0 0.0 0.0
car 0 2 0 126.146714308 125.879365328 184.812526039 153.902766467 0 0 0 0.0 0.0 0.0 0.0
car 0 2 0 545.395030308 136.684100605 581.537360749 159.731383785 0 0 0 0.0 0.0 0.0 0.0
car 0 2 0 634.588347632 124.570323031 661.415006952 144.87977133 0 0 0 0.0 0.0 0.0 0.0
car 0 2 0 1069.65895445 107.070167831 1094.10304267 127.585741874 0 0 0 0.0 0.0 0.0 0.0
car 0 2 0 491.153877303 150.079034831 524.800873738 176.632880666 0 0 0 0.0 0.0 0.0 0.0
car 0 2 0 521.345236266 141.894630292 550.081589979 162.810330779 0 0 0 0.0 0.0 0.0 0.0
car 0 2 0 649.51664885 115.578435981 677.707375593 135.584758185 0 0 0 0.0 0.0 0.0 0.0
